[STATE]
ORIENT=3 2400.000000 90.000000 0.000000 0.000000
ZOOMPAN=87 73 787 656
ZOOMWINDOW=120.000000 0.000000 0.010000 -0.010000
LABELS=010000110001000000011111000001000010110000
SCALES1=0.008333
SCALES2=0.000694
SCALES3=0.100000
SCALES4=0.008333
SCALES5=0.000008
SCALES6=9.999996
SCALES7=110.000000
SCALES8=0.041667
SCALES9=0.041667
SCALES10=0.041667
SCALES11=0.041667
SCALES12=0.016667
SCALES13=0.041667
SCALES14=0.041667
SCALES15=0.200000
SCALES16=3.000000
SCALES17=3.000000
