[STATE]
ORIENT=3 2400.000000 0.000000 0.000000 0.000000
ZOOMPAN=67 53 807 676
ZOOMWINDOW=228.000000 0.000000 90.000000 0.000000
LABELS=010000110001000000011111000000000010110000
SCALES1=0.100000
SCALES2=0.007237
SCALES3=0.100000
SCALES4=5.000000
SCALES5=0.050000
SCALES6=12.000000
SCALES7=6.000000
SCALES8=1.000000
SCALES9=1.000000
SCALES10=5.000000
SCALES11=1.000000
SCALES12=1.000000
SCALES13=5.000000
SCALES14=0.100000
SCALES15=0.200000
SCALES16=3.000000
SCALES17=3.000000
