[STATE]
ORIENT=3 2400.000000 30.000000 30.000000 0.000000
ZOOMPAN=237 179 1132 613
ZOOMWINDOW=1018.486050 -1018.486050 515.186404 -600.302743
LABELS=0110001100010000001111110000000010000101100
SCALES1=0.100000
SCALES2=0.500000
SCALES3=0.100000
SCALES4=5.000000
SCALES5=0.050000
SCALES6=200.000000
SCALES7=200.000000
SCALES8=1.000000
SCALES9=1.000000
SCALES10=5.000000
SCALES11=1.000000
SCALES12=1.000000
SCALES13=5.000000
SCALES14=0.100000
SCALES15=0.200000
SCALES16=3.000000
SCALES17=3.000000
