[STATE]
ORIENT=3 2400.000000 30.000000 30.000000 0.000000
ZOOMPAN=102 69 917 624
ZOOMWINDOW=1070.070832 -1070.070832 568.050333 -593.042705
LABELS=0110001100010000000111110000000010000101100
SCALES1=0.100000
SCALES2=0.500000
SCALES3=0.100000
SCALES4=5.000000
SCALES5=0.050000
SCALES6=200.000000
SCALES7=200.000000
SCALES8=1.000000
SCALES9=1.000000
SCALES10=5.000000
SCALES11=1.000000
SCALES12=1.000000
SCALES13=5.000000
SCALES14=0.100000
SCALES15=0.200000
SCALES16=3.000000
SCALES17=3.000000
